BEIJING 1               
1 28890U 05043A   23060.75494629  .00001006  00000+0  21115-3 0  9995
2 28890  98.1409 183.8876 0016307  89.5282 270.7793 14.61664791924726
HJ-1A                   
1 33320U 08041A   23060.75463495  .00001715  00000+0  24246-3 0  9992
2 33320  97.6556  86.4219 0022407 113.7393 246.6117 14.78178481780396
HJ-1B                   
1 33321U 08041B   23060.69760969  .00002325  00000+0  32278-3 0  9994
2 33321  97.6693  90.4531 0035080 132.0091 228.4077 14.78387610780389
YAOGAN 4                
1 33446U 08061A   23060.58156379  .00002375  00000+0  33657-3 0  9993
2 33446  97.8433 358.2882 0016854  26.7363 333.4713 14.77852090767561
DEIMOS-1                
1 35681U 09041A   23060.79372184  .00001676  00000+0  27219-3 0  9992
2 35681  97.6910 263.3251 0002752 103.9015 256.2495 14.72343657729636
UK-DMC 2                
1 35683U 09041C   23060.71841237  .00001968  00000+0  32200-3 0  9996
2 35683  97.7168 225.2442 0001430 114.4756 245.6603 14.71841908729346
RISAT 1                 
1 38248U 12017A   23060.75490978  .00007615  00000+0  41860-3 0  9996
2 38248  97.5486  74.5315 0005978  92.4323 267.7593 15.14355604597748
DMC3-FM1                
1 40715U 15032A   23060.73120414  .00001621  00000+0  20836-3 0  9992
2 40715  97.8154 307.0420 0006964  49.7266 310.4537 14.82492749411401
DMC3-FM2                
1 40716U 15032B   23060.68643186  .00001489  00000+0  19183-3 0  9998
2 40716  97.8196 307.7798 0008863  49.7833 310.4155 14.82505560411405
DMC3-FM3                
1 40717U 15032C   23060.70802023  .00001966  00000+0  25123-3 0  9990
2 40717  97.8235 308.8263 0010329  47.5077 312.7008 14.82482721411400
