2023-085A               
1 57004U 23085A   23194.73802456  .00005782  00000+0  37650-3 0  9993
2 57004  97.4643 300.9590 0012336 159.1706 201.0028 15.08259653  4305
2023-085B               
1 57005U 23085B   23194.73689411  .00006948  00000+0  45028-3 0  9991
2 57005  97.4580 300.9383 0012964 160.5368 199.6358 15.08356026  4303
2023-085C               
1 57006U 23085C   23194.73647628  .00007001  00000+0  45342-3 0  9996
2 57006  97.4600 300.9460 0012574 160.7737 199.3968 15.08379639  4301
2023-085D               
1 57007U 23085D   23194.73545411  .00007028  00000+0  45444-3 0  9996
2 57007  97.4641 300.9625 0013045 162.1926 197.9762 15.08432600  4304
2023-085E               
1 57008U 23085E   23194.73439989  .00007228  00000+0  46652-3 0  9993
2 57008  97.4582 300.9425 0013245 163.3819 196.7847 15.08489891  4308
2023-085F               
1 57009U 23085F   23194.73323391  .00007279  00000+0  46896-3 0  9999
2 57009  97.4628 300.9607 0013293 164.6645 195.4989 15.08552054  4301
2023-085G               
1 57010U 23085G   23194.73178716  .00007499  00000+0  48214-3 0  9990
2 57010  97.4595 300.9508 0012166 165.9780 194.1788 15.08630520  4306
2023-085H               
1 57011U 23085H   23194.73034018  .00007579  00000+0  48624-3 0  9991
2 57011  97.4575 300.9457 0012428 167.7361 192.4172 15.08704673  4303
2023-085J               
1 57012U 23085J   23194.73097120  .00006235  00000+0  40139-3 0  9996
2 57012  97.4598 300.9529 0013676 167.3379 192.8196 15.08633794  4305
2023-085K               
1 57013U 23085K   23194.72966506  .00007627  00000+0  48866-3 0  9990
2 57013  97.4576 300.9469 0012877 168.4191 191.7337 15.08742949  4309
2023-085L               
1 57014U 23085L   23194.72978366  .00006334  00000+0  40726-3 0  9999
2 57014  97.4637 300.9684 0011574 168.6064 191.5429 15.08696594  4305
2023-085M               
1 57015U 23085M   23194.72887355  .00007679  00000+0  49151-3 0  9991
2 57015  97.4635 300.9695 0012536 169.3927 190.7569 15.08783275  4300
2023-085N               
1 57016U 23085N   23194.72711620  .00007736  00000+0  49384-3 0  9995
2 57016  97.4626 300.9685 0012935 171.2488 188.8969 15.08876493  4304
2023-085P               
1 57017U 23085P   23194.72656981  .00007755  00000+0  49480-3 0  9992
2 57017  97.4591 300.9564 0011813 172.1453 187.9963 15.08904197  4305
2023-085Q               
1 57018U 23085Q   23194.72594356  .00008073  00000+0  51425-3 0  9996
2 57018  97.4575 300.9512 0012644 172.5517 187.5902 15.08940358  4307
2023-085R               
1 57019U 23085R   23194.72573157  .00007902  00000+0  50340-3 0  9998
2 57019  97.4571 300.9501 0012139 172.9097 187.2306 15.08949948  4307
2023-085S               
1 57020U 23085S   23194.72489573  .00008058  00000+0  51262-3 0  9995
2 57020  97.4634 300.9742 0012310 173.8088 186.3295 15.08996864  4303
2023-085T               
1 57021U 23085T   23194.72423055  .00007727  00000+0  49144-3 0  9997
2 57021  97.4563 300.9488 0011881 174.9218 185.2133 15.09022376  4309
2023-085U               
1 57022U 23085U   23194.72347575  .00008293  00000+0  52632-3 0  9995
2 57022  97.4635 300.9759 0012298 175.4858 184.6484 15.09072501  4307
2023-085V               
1 57023U 23085V   23194.72326422  .00006987  00000+0  44460-3 0  9992
2 57023  97.4612 300.9676 0011193 176.5496 183.5812 15.09044936  4308
2023-085W               
1 57024U 23085W   23194.72305755  .00008402  00000+0  53333-3 0  9992
2 57024  97.4623 300.9720 0012903 177.4972 182.6324 15.09058088  4301
2023-085X               
1 57025U 23085X   23194.72133543  .00008407  00000+0  53192-3 0  9995
2 57025  97.4584 300.9602 0011657 178.1905 181.9368 15.09186393  4307
2023-085Y               
1 57026U 23085Y   23194.72201280  .00007084  00000+0  44964-3 0  9997
2 57026  97.4595 300.9634 0013311 176.7804 183.3513 15.09112369  4306
2023-085Z               
1 57027U 23085Z   23194.72089861  .00008630  00000+0  54547-3 0  9993
2 57027  97.4574 300.9568 0012619 178.0901 182.0378 15.09208453  4308
2023-085AA              
1 57028U 23085AA  23194.71728575  .00008673  00000+0  54526-3 0  9999
2 57028  97.4615 300.9762 0012648 181.9445 178.1738 15.09401067  4301
2023-085AB              
1 57029U 23085AB  23194.71602062  .00008686  00000+0  54516-3 0  9995
2 57029  97.4578 300.9638 0011778 184.2703 175.8428 15.09470613  4301
2023-085AC              
1 57030U 23085AC  23194.71626601  .00008452  00000+0  53093-3 0  9992
2 57030  97.4555 300.9552 0012023 183.8113 176.3027 15.09446668  4301
2023-085AD              
1 57031U 23085AD  23194.71630018  .00007532  00000+0  47379-3 0  9998
2 57031  97.4588 300.9672 0013127 182.7617 177.3542 15.09419358  4303
2023-085AE              
1 57032U 23085AE  23194.71430006  .00008743  00000+0  54726-3 0  9993
2 57032  97.4621 300.9815 0012455 185.3676 174.7422 15.09560896  4300
2023-085AF              
1 57033U 23085AF  23194.71431156  .00008268  00000+0  51815-3 0  9999
2 57033  97.4602 300.9743 0012049 186.0496 174.0590 15.09537518  4301
2023-085AG              
1 57034U 23085AG  23194.71359699  .00008791  00000+0  54975-3 0  9992
2 57034  97.4627 300.9846 0011942 186.6670 173.4402 15.09599793  4302
2023-085AH              
1 57035U 23085AH  23194.71276492  .00008858  00000+0  55313-3 0  9993
2 57035  97.4579 300.9680 0012546 186.8026 173.3035 15.09645639  4305
2023-085AJ              
1 57036U 23085AJ  23194.71383896  .00006473  00000+0  40677-3 0  9999
2 57036  97.4597 300.9734 0012109 186.6164 173.4908 15.09522491  4302
2023-085AK              
1 57037U 23085AK  23194.71385262  .00006807  00000+0  42753-3 0  9997
2 57037  97.4601 300.9748 0012090 186.7151 173.3918 15.09522136  4306
2023-085AL              
1 57038U 23085AL  23194.71198088  .00007494  00000+0  46877-3 0  9990
2 57038  97.4608 300.9793 0010998 190.0790 170.0220 15.09647708  4309
2023-085AM              
1 57039U 23085AM  23194.70987438  .00008609  00000+0  53559-3 0  9999
2 57039  97.4584 300.9730 0011603 191.4121 168.6848 15.09798738  4300
2023-085AN              
1 57040U 23085AN  23194.70909613  .00009106  00000+0  56545-3 0  9991
2 57040  97.4570 300.9688 0011877 191.7995 168.2958 15.09847745  4305
2023-085AP              
1 57041U 23085AP  23194.70729930  .00008724  00000+0  54050-3 0  9998
2 57041  97.4628 300.9925 0012230 193.2064 166.8847 15.09938863  4305
2023-085AQ              
1 57042U 23085AQ  23194.70688132  .00008632  00000+0  53453-3 0  9991
2 57042  97.4573 300.9727 0012547 193.0187 167.0720 15.09960088  4307
2023-085AR              
1 57043U 23085AR  23194.70573802  .00008693  00000+0  53732-3 0  9996
2 57043  97.4613 300.9885 0012761 193.8805 166.2075 15.10021215  4307
2023-085AS              
1 57044U 23085AS  23194.70527250  .00007237  00000+0  44814-3 0  9997
2 57044  97.4589 300.9801 0013201 193.9117 166.1750 15.10008730  4301
NUSANTARA TIGA (SATRIA) 
1 57045U 23086A   23193.08669962 -.00000233  00000+0  00000+0 0  9991
2 57045  21.1505  66.2438 7517761 187.7365 144.5479  1.27448458   330
SHIYAN 25 (SY-25)       
1 57047U 23087A   23194.87908992  .00108921  60308-5  37031-3 0  9994
2 57047  96.6366 268.7200 0013017 181.1309 178.9938 15.89743922  3751
STARLINK-5847           
1 57048U 23088A   23194.73965334  .00008756  00000+0  70095-4 0  9994
2 57048  42.9992 349.9815 0001879 277.3899  82.6756 15.71372626  3412
STARLINK-5850           
1 57049U 23088B   23194.73975815  .00007551  00000+0  60958-4 0  9999
2 57049  42.9985 349.9796 0002027 271.7477  88.3159 15.71362953  3411
STARLINK-5845           
1 57050U 23088C   23194.73944270  .00012341  00000+0  97355-4 0  9996
2 57050  42.9987 349.9786 0001812 276.1670  83.8992 15.71369738  3412
STARLINK-5839           
1 57051U 23088D   23194.73934103 -.00000269  00000+0  13970-5 0  9990
2 57051  42.9985 349.9750 0001897 267.4780  92.5871 15.71352275  3411
STARLINK-5860           
1 57052U 23088E   23193.78612205  .00004859  00000+0  40470-4 0  9993
2 57052  42.9988 355.7305 0001294 256.2928 103.7796 15.71357261  3261
STARLINK-5865           
1 57053U 23088F   23194.73912878  .00014082  00000+0  11058-3 0  9997
2 57053  42.9988 349.9758 0001786 274.5034  85.5629 15.71369396  3417
STARLINK-5881           
1 57054U 23088G   23194.73902122  .00032762  00000+0  25202-3 0  9990
2 57054  42.9981 349.9725 0001752 267.9962  92.0705 15.71381481  3411
STARLINK-6237           
1 57055U 23088H   23194.73923447  .00002862  00000+0  25266-4 0  9993
2 57055  42.9986 349.9754 0002127 272.5039  87.5585 15.71356729  3415
STARLINK-6353           
1 57056U 23088J   23194.73881228  .00003475  00000+0  29928-4 0  9994
2 57056  42.9989 349.9698 0002159 278.2110  81.8513 15.71360813  3411
STARLINK-6223           
1 57057U 23088K   23194.73860265  .00053520  00000+0  40826-3 0  9998
2 57057  42.9980 349.9698 0001662 273.6234  86.4444 15.71395529  3413
STARLINK-6217           
1 57058U 23088L   23194.73891719  .00009919  00000+0  78957-4 0  9997
2 57058  42.9986 349.9740 0001906 272.8000  87.2649 15.71365992  3418
STARLINK-6211           
1 57059U 23088M   23194.73838906  .00001513  00000+0  14978-4 0  9992
2 57059  42.9982 349.9687 0001909 279.3865  80.6787 15.71366292  3413
STARLINK-6227           
1 57060U 23088N   23194.73870243  .00005991  00000+0  49064-4 0  9992
2 57060  42.9983 349.9704 0001797 273.5997  86.4665 15.71373411  3413
STARLINK-5869           
1 57061U 23088P   23194.73818060  .00002963  00000+0  26045-4 0  9992
2 57061  42.9983 349.9651 0002007 274.1751  85.8887 15.71349460  3411
STARLINK-5536           
1 57062U 23088Q   23194.71143334  .00008425  00000+0  67603-4 0  9990
2 57062  42.9992 349.7521 0001804 274.6979  85.3683 15.71363542  3413
STARLINK-5832           
1 57063U 23088R   23194.73785808  .00002567  00000+0  23006-4 0  9991
2 57063  42.9985 349.9626 0001992 276.4908  83.5733 15.71371806  3412
STARLINK-5822           
1 57064U 23088S   23194.73828484  .00015310  00000+0  11993-3 0  9991
2 57064  42.9992 349.9699 0002173 264.4783  95.5837 15.71364369  3415
STARLINK-5830           
1 57065U 23088T   23194.73796753  .00009216  00000+0  73594-4 0  9999
2 57065  42.9980 349.9652 0001812 274.4455  85.6206 15.71373126  3419
STARLINK-5827           
1 57066U 23088U   23193.78465050  .00000809  00000+0  96206-5 0  9992
2 57066  42.9980 355.7180 0001996 275.7182  84.3458 15.71353029  3263
STARLINK-5824           
1 57067U 23088V   23194.73765622  .00026952  00000+0  20814-3 0  9994
2 57067  42.9986 349.9599 0001885 274.2660  85.7993 15.71374040  3413
STARLINK-5844           
1 57068U 23088W   23194.73775863  .00080859  00000+0  61194-3 0  9995
2 57068  42.9979 349.9639 0002146 284.5826  75.4804 15.71437379  3412
STARLINK-5821           
1 57069U 23088X   23194.67305406  .00050425  00000+0  38554-3 0  9991
2 57069  42.9976 350.3369 0001610 260.7340  99.3346 15.71361751  3403
STARLINK-5828           
1 57070U 23088Y   23194.73744476  .00020863  00000+0  16202-3 0  9993
2 57070  42.9980 349.9608 0002116 269.1082  90.9544 15.71372424  3415
STARLINK-5834           
1 57071U 23088Z   23194.73703060  .00064661  00000+0  49161-3 0  9992
2 57071  42.9983 349.9585 0002001 282.7875  77.2769 15.71407699  3125
STARLINK-5843           
1 57072U 23088AA  23194.73723669  .00006018  00000+0  49302-4 0  9990
2 57072  42.9984 349.9574 0002062 268.6041  91.4591 15.71356066  3414
STARLINK-5838           
1 57073U 23088AB  23194.73733948  .00034876  00000+0  26796-3 0  9996
2 57073  42.9981 349.9583 0001727 266.7238  93.3432 15.71383883  3418
STARLINK-5773           
1 57074U 23088AC  23194.73754655  .00065276  00000+0  49617-3 0  9990
2 57074  42.9979 349.9606 0001670 265.4214  94.6463 15.71410483  3414
STARLINK-5542           
1 57075U 23088AD  23193.78307318  .00000293  00000+0  56857-5 0  9999
2 57075  42.9985 355.7012 0001836 254.5080 105.5585 15.71352302  3267
STARLINK-6155           
1 57076U 23088AE  23194.73713144  .00002051  00000+0  19090-4 0  9995
2 57076  42.9986 349.9578 0002327 265.1320  94.9282 15.71356283  3416
STARLINK-6194           
1 57077U 23088AF  23194.73670877  .00020821  00000+0  16170-3 0  9991
2 57077  42.9983 349.9556 0001841 276.7839  83.2819 15.71373389  3416
STARLINK-6246           
1 57078U 23088AG  23193.78338880 -.00000719  00000+0 -20322-5 0  9993
2 57078  42.9984 355.7063 0001901 259.4716 100.5938 15.71350595  3267
STARLINK-6245           
1 57079U 23088AH  23194.73628756  .00008622  00000+0  69090-4 0  9997
2 57079  42.9980 349.9499 0001780 274.5808  85.4856 15.71369092  3416
STARLINK-6243           
1 57080U 23088AJ  23194.73691907  .00008107  00000+0  65175-4 0  9995
2 57080  42.9983 349.9556 0001784 273.7774  86.2890 15.71368366  3412
STARLINK-6184           
1 57081U 23088AK  23194.73608756  .00049532  00000+0  37857-3 0  9998
2 57081  42.9983 349.9482 0001747 273.3002  86.7665 15.71377217  3410
STARLINK-6248           
1 57082U 23088AL  23194.67283369  .00006924  00000+0  56202-4 0  9995
2 57082  42.9982 350.3335 0002019 269.5616  90.5020 15.71356874  3407
STARLINK-6253           
1 57083U 23088AM  23194.73576351  .00023586  00000+0  18267-3 0  9990
2 57083  42.9978 349.9460 0002109 275.9929  84.0698 15.71370914  3415
STARLINK-6240           
1 57084U 23088AN  23194.73618487  .00015021  00000+0  11771-3 0  9996
2 57084  42.9979 349.9497 0001713 273.5870  86.4802 15.71370751  3418
STARLINK-6232           
1 57085U 23088AP  23194.73565184  .00022082  00000+0  17116-3 0  9996
2 57085  42.9994 349.9427 0001933 275.4719  84.5929 15.71387462  3412
STARLINK-6247           
1 57086U 23088AQ  23194.73597330  .00009351  00000+0  74653-4 0  9999
2 57086  42.9979 349.9460 0002199 276.9646  83.0972 15.71362623  3417
STARLINK-6251           
1 57087U 23088AR  23194.73555202  .00002081  00000+0  19313-4 0  9997
2 57087  42.9989 349.9432 0002396 268.4518  91.6076 15.71359138  3418
STARLINK-6257           
1 57088U 23088AS  23194.73586319  .00008634  00000+0  69150-4 0  9995
2 57088  42.9981 349.9463 0001409 267.6657  92.4049 15.71378940  3415
STARLINK-6259           
1 57089U 23088AT  23194.73513180  .00001864  00000+0  17658-4 0  9996
2 57089  42.9989 349.9400 0001888 267.2454  92.8198 15.71359274  3415
STARLINK-6254           
1 57090U 23088AU  23194.73544967 -.00000972  00000+0 -39632-5 0  9993
2 57090  42.9985 349.9433 0002293 267.1531  92.9074 15.71349842  3419
STARLINK-6262           
1 57091U 23088AV  23194.73523972  .00000021  00000+0  36082-5 0  9996
2 57091  42.9986 349.9406 0002019 272.1639  87.8997 15.71352591  3414
STARLINK-6225           
1 57092U 23088AW  23194.73534215  .00003829  00000+0  32621-4 0  9992
2 57092  42.9984 349.9419 0001991 268.1943  91.8697 15.71361894  3416
STARLINK-6229           
1 57093U 23088AX  23194.73502502  .00008406  00000+0  67440-4 0  9990
2 57093  42.9985 349.9383 0001708 270.5297  89.5375 15.71369874  3416
STARLINK-6235           
1 57094U 23088AY  23194.73493966  .00052007  00000+0  39744-3 0  9995
2 57094  42.9983 349.9378 0001621 274.4294  85.6389 15.71362504  3418
STARLINK-6132           
1 57101U 23090A   23194.62229667  .00001494  00000+0  14836-4 0  9990
2 57101  42.9994 160.8984 0001596 261.4652  98.6035 15.71353837  3171
STARLINK-6111           
1 57102U 23090B   23195.06691335  .00004961  00000+0  41257-4 0  9994
2 57102  42.9990 158.2115 0001685 243.9492 116.1203 15.71354625  3248
STARLINK-6123           
1 57103U 23090C   23194.85525131  .00005054  00000+0  41950-4 0  9995
2 57103  42.9997 159.2016 0001330 261.0640  99.0077 15.71360993  3210
STARLINK-6130           
1 57104U 23090D   23194.62219322  .00019130  00000+0  14899-3 0  9994
2 57104  42.9988 160.8973 0001634 250.7611 109.3080 15.71355378  3176
STARLINK-6097           
1 57105U 23090E   23194.62187632  .00000922  00000+0  10472-4 0  9996
2 57105  42.9996 160.8962 0001272 252.2741 107.7988 15.71353994  3174
STARLINK-6118           
1 57106U 23090F   23195.06649495  .00000495  00000+0  72157-5 0  9990
2 57106  43.0015 158.2089 0001393 258.8494 101.2217 15.71358706  3249
STARLINK-6131           
1 57107U 23090G   23194.87539736  .00017278  00000+0  13501-3 0  9998
2 57107  42.9990 159.3561 0001790 247.8537 112.2141 15.71341109  3218
STARLINK-6099           
1 57108U 23090H   23195.06660141 -.00002449  00000+0 -15243-4 0  9998
2 57108  42.9991 158.2086 0001468 251.4995 108.5714 15.71344247  3244
STARLINK-6139           
1 57109U 23090J   23194.62135073  .00000543  00000+0  75878-5 0  9993
2 57109  42.9999 160.8906 0001646 252.5903 107.4785 15.71353542  3178
STARLINK-6134           
1 57110U 23090K   23195.06670299  .00009009  00000+0  72062-4 0  9995
2 57110  42.9989 158.2104 0001609 244.8027 115.2674 15.71358206  3244
STARLINK-6140           
1 57111U 23090L   23194.62082143  .00003459  00000+0  29807-4 0  9994
2 57111  42.9999 160.8878 0001787 253.1961 106.8711 15.71360240  3171
STARLINK-6141           
1 57112U 23090M   23195.06638847  .00005424  00000+0  44783-4 0  9996
2 57112  42.9993 158.2091 0001625 245.0716 114.9983 15.71353400  3242
STARLINK-6142           
1 57113U 23090N   23194.62103503  .00005580  00000+0  45966-4 0  9991
2 57113  42.9997 160.8898 0001640 256.2076 103.8609 15.71357643  3178
STARLINK-6125           
1 57114U 23090P   23194.62092535  .00000840  00000+0  98527-5 0  9990
2 57114  42.9993 160.8879 0001532 259.6683 100.4012 15.71355334  3171
STARLINK-6085           
1 57115U 23090Q   23195.06554798 -.00001850  00000+0 -10671-4 0  9991
2 57115  43.0001 158.2021 0001487 254.5003 105.5701 15.71346844  3248
STARLINK-6129           
1 57116U 23090R   23195.06617829  .00040215  00000+0  30827-3 0  9997
2 57116  42.9995 158.2073 0001774 263.1841  96.8825 15.71383241  3242
STARLINK-6148           
1 57117U 23090S   23195.06533614 -.00002293  00000+0 -14045-4 0  9998
2 57117  42.9998 158.1997 0001750 245.0857 114.9829 15.71347497  3249
STARLINK-6151           
1 57118U 23090T   23195.06565212  .00001276  00000+0  13171-4 0  9995
2 57118  42.9991 158.2015 0001493 252.4532 107.6172 15.71356961  3247
STARLINK-6150           
1 57119U 23090U   23194.62029881  .00001095  00000+0  11796-4 0  9994
2 57119  43.0001 160.8846 0001727 255.2613 104.8064 15.71353032  3171
STARLINK-6147           
1 57120U 23090V   23194.62050890  .00006849  00000+0  55630-4 0  9997
2 57120  42.9994 160.8848 0001829 254.9334 105.1332 15.71356757  3172
STARLINK-6152           
1 57121U 23090W   23194.61987856  .00003751  00000+0  32042-4 0  9999
2 57121  42.9995 160.8798 0001754 249.9734 110.0945 15.71352737  3172
STARLINK-6149           
1 57122U 23090X   23194.81078241 -.00076702  00000+0 -58374-3 0  9994
2 57122  42.9993 159.7314 0001698 254.0262 106.0419 15.71480305  3200
STARLINK-6154           
1 57123U 23090Y   23194.61967035  .00020805  00000+0  16170-3 0  9990
2 57123  42.9999 160.8795 0001679 267.0799  92.9877 15.71355821  3172
STARLINK-6146           
1 57124U 23090Z   23194.61998863  .00159915  00000+0  11731-2 0  9996
2 57124  42.9995 160.8824 0002364 298.1382  61.9247 15.71884329  3174
STARLINK-6100           
1 57125U 23090AA  23195.06365431  .00010453  00000+0  83049-4 0  9992
2 57125  43.0002 158.1888 0001630 253.4507 106.6182 15.71357038  3249
STARLINK-6167           
1 57126U 23090AB  23195.06491404  .00003198  00000+0  27824-4 0  9990
2 57126  42.9994 158.1958 0001656 241.3303 118.7398 15.71356591  3240
STARLINK-6165           
1 57127U 23090AC  23195.06438833  .00006896  00000+0  55975-4 0  9994
2 57127  43.0002 158.1930 0001746 243.2141 116.8549 15.71361465  3247
STARLINK-6163           
1 57128U 23090AD  23194.61977220 -.00000656  00000+0 -15549-5 0  9997
2 57128  42.9998 160.8795 0001478 256.9727 103.0976 15.71350840  3171
STARLINK-6170           
1 57129U 23090AE  23195.06417870  .00002770  00000+0  24565-4 0  9992
2 57129  43.0003 158.1927 0001558 258.6709 101.3984 15.71355340  3244
STARLINK-6172           
1 57130U 23090AF  23194.61945939  .00186932  00000+0  13751-2 0  9992
2 57130  43.0001 160.8777 0002748 269.2326  90.8227 15.71731334  3177
STARLINK-6162           
1 57131U 23090AG  23195.06396774  .00003299  00000+0  28585-4 0  9997
2 57131  43.0003 158.1909 0001513 253.4955 106.5747 15.71360209  3248
STARLINK-6128           
1 57132U 23090AH  23194.36510456  .00006203  00000+0  50715-4 0  9993
2 57132  42.9995 162.4091 0001707 250.1527 109.9157 15.71354646  3139
STARLINK-6143           
1 57133U 23090AJ  23195.06354958  .00005755  00000+0  47307-4 0  9999
2 57133  43.0002 158.1880 0001895 240.1289 119.9390 15.71354789  3241
STARLINK-6133           
1 57134U 23090AK  23194.36489459  .00002335  00000+0  21250-4 0  9997
2 57134  42.9997 162.4078 0001493 250.5602 109.5104 15.71354529  3136
STARLINK-6127           
1 57135U 23090AL  23195.06323534  .00009279  00000+0  74110-4 0  9994
2 57135  42.9999 158.1856 0001557 250.0487 110.0213 15.71360718  3249
STARLINK-6112           
1 57136U 23090AM  23195.06386455 -.00001768  00000+0 -10044-4 0  9999
2 57136  43.0002 158.1896 0001643 259.0532 101.0151 15.71348152  3246
STARLINK-5347           
1 57137U 23090AN  23195.06344282  .00006557  00000+0  53400-4 0  9994
2 57137  43.0001 158.1867 0001544 246.1233 113.9473 15.71358897  3245
STARLINK-5336           
1 57138U 23090AP  23195.06376083 -.00001044  00000+0 -45198-5 0  9993
2 57138  43.0005 158.1880 0001652 258.1569 101.9114 15.71348887  3247
STARLINK-5355           
1 57139U 23090AQ  23194.36394804  .00000831  00000+0  97863-5 0  9994
2 57139  43.0006 162.4013 0001600 250.7287 109.3408 15.71353060  3138
STARLINK-5354           
1 57140U 23090AR  23194.36415784  .00001181  00000+0  12451-4 0  9995
2 57140  43.0004 162.4022 0001644 251.8136 108.2553 15.71355702  3135
STARLINK-5357           
1 57141U 23090AS  23195.06291892  .00003686  00000+0  31546-4 0  9994
2 57141  43.0004 158.1831 0001490 259.5548 100.5152 15.71353671  3242
STARLINK-5361           
1 57142U 23090AT  23194.36363248  .00002280  00000+0  20828-4 0  9992
2 57142  43.0004 162.3989 0001421 251.5600 108.5113 15.71354598  3131
STARLINK-5358           
1 57143U 23090AU  23194.36352888  .00008731  00000+0  69944-4 0  9990
2 57143  43.0004 162.3977 0001253 238.9699 121.1045 15.71358926  3133
STARLINK-5150           
1 57144U 23090AV  23195.06302472  .00004864  00000+0  40523-4 0  9998
2 57144  42.9998 158.1832 0001569 249.0036 111.0664 15.71350059  3241
STARLINK-5768           
1 57145U 23090AW  23195.06218130  .00003082  00000+0  26941-4 0  9995
2 57145  43.0002 158.1764 0001452 251.8196 108.2513 15.71356774  3244
STARLINK-5791           
1 57146U 23090AX  23195.06260425  .00011837  00000+0  93569-4 0  9997
2 57146  43.0001 158.1809 0001324 254.5735 105.4986 15.71358864  3246
STARLINK-5765           
1 57147U 23090AY  23195.06197204  .00005742  00000+0  47197-4 0  9996
2 57147  42.9999 158.1748 0001462 250.8737 109.1973 15.71356020  3246
STARLINK-5788           
1 57148U 23090AZ  23195.06186689  .00008552  00000+0  68586-4 0  9999
2 57148  42.9999 158.1755 0001452 252.0972 107.9738 15.71358553  3247
STARLINK-5778           
1 57149U 23090BA  23195.06154964  .00006381  00000+0  52057-4 0  9995
2 57149  43.0004 158.1732 0001647 248.7354 111.3338 15.71359923  3241
STARLINK-5780           
1 57150U 23090BB  23194.36321196  .00004824  00000+0  40213-4 0  9993
2 57150  43.0000 162.3946 0001584 242.8418 117.2288 15.71352418  3138
STARLINK-5776           
1 57151U 23090BC  23195.06228683  .00007874  00000+0  63428-4 0  9990
2 57151  43.0007 158.1791 0001708 248.2201 111.8485 15.71359243  3249
STARLINK-6164           
1 57152U 23090BD  23195.06249851  .00005681  00000+0  46745-4 0  9998
2 57152  42.9999 158.1789 0001576 248.6729 111.3971 15.71353704  3248
STARLINK-5879           
1 57153U 23090BE  23194.36226572  .00005330  00000+0  44067-4 0  9992
2 57153  43.0006 162.3887 0001597 248.2483 111.8215 15.71355873  3135
STARLINK-6106           
1 57154U 23090BF  23195.06207507 -.00000481  00000+0 -22318-6 0  9999
2 57154  43.0003 158.1744 0001654 248.5794 111.4898 15.71352955  3243
STARLINK-6108           
1 57155U 23090BG  23195.06165707  .00005883  00000+0  48277-4 0  9994
2 57155  43.0002 158.1747 0001524 255.2866 104.7833 15.71355238  3248
STARLINK-6137           
1 57156U 23090BH  23195.06176151  .00001212  00000+0  12693-4 0  9995
2 57156  43.0007 158.1738 0001697 267.3048  92.7625 15.71352034  3247
FALCON 9 DEB            
1 57157U 23090BJ  23195.06883620  .00307494  44068-4  82692-3 0  9995
2 57157  43.0086 156.4464 0026207 131.4469 228.8664 15.92977020  3262
FALCON 9 DEB            
1 57158U 23090BK  23195.06282984  .00325108  48705-4  84797-3 0  9994
2 57158  43.0045 156.3901 0024311 135.3535 224.9303 15.93627010  3263
FALCON 9 DEB            
1 57159U 23090BL  23195.04839794  .00292780  41418-4  72198-3 0  9995
2 57159  43.0022 156.2614 0022692 124.4658 235.8366 15.94748332  3266
FALCON 9 DEB            
1 57160U 23090BM  23194.85946094  .00274816  37228-4  69900-3 0  9998
2 57160  42.9997 157.4227 0021205 125.2737 235.0126 15.94249220  3231
METEOR-M2 3             
1 57166U 23091A   23194.84626079  .00000019  00000+0  27970-4 0  9999
2 57166  98.7634 246.6345 0004704  45.7588 314.3976 14.23833579  2332
STRATOSAT-TK 1 (RS52S)  
1 57167U 23091B   23194.91923210  .00006967  00000+0  51606-3 0  9995
2 57167  97.6636 245.4713 0018266 188.9548 171.1354 15.03313850  2459
2023-091C               
1 57168U 23091C   23194.85160426  .00003806  00000+0  28348-3 0  9997
2 57168  97.6632 245.4065 0018157 188.6740 171.4174 15.03399750  2441
2023-091D               
1 57169U 23091D   23194.84979503  .00002588  00000+0  19353-3 0  9993
2 57169  97.6645 245.4106 0016021 186.6102 173.4915 15.03561893  2444
2023-091E               
1 57170U 23091E   23194.84958994  .00003627  00000+0  26921-3 0  9990
2 57170  97.6650 245.4119 0016156 186.6639 173.4374 15.03584319  2447
2023-091F               
1 57171U 23091F   23195.11537165  .00003859  00000+0  28584-3 0  9999
2 57171  97.6644 245.6752 0015943 183.8798 176.2307 15.03624997  2482
UMKA 1 (RS40S)          
1 57172U 23091G   23194.85148694  .00003199  00000+0  23894-3 0  9991
2 57172  97.6633 245.4067 0018028 188.7997 171.2915 15.03403697  2448
2023-091H               
1 57173U 23091H   23194.85675802  .00004523  00000+0  34038-3 0  9992
2 57173  97.6642 245.4002 0016166 196.1557 163.9155 15.02931063  2440
2023-091J               
1 57174U 23091J   23194.85672941  .00002749  00000+0  20882-3 0  9994
2 57174  97.6640 245.3998 0015899 195.6296 164.4441 15.02909631  2448
CUBEBEL 2 (EU11S)       
1 57175U 23091K   23194.85839061  .00004639  00000+0  35034-3 0  9998
2 57175  97.6641 245.3976 0016275 198.1727 161.8918 15.02781736  2446
2023-091L               
1 57176U 23091L   23194.85547646  .00004761  00000+0  35648-3 0  9991
2 57176  97.6650 245.4049 0019496 188.5353 171.5544 15.03052210  2447
2023-091M               
1 57177U 23091M   23194.85317787  .00003754  00000+0  28059-3 0  9992
2 57177  97.6652 245.4133 0019190 184.5026 175.6030 15.03253527  2447
CUBESX-HSE 3 (RS42S)    
1 57178U 23091N   23194.85345999  .00004626  00000+0  34478-3 0  9990
2 57178  97.6672 245.4165 0019372 183.3655 176.7443 15.03239348  2447
2023-091P               
1 57179U 23091P   23194.85401043  .00002751  00000+0  20738-3 0  9995
2 57179  97.6680 245.4180 0019457 182.3634 177.7503 15.03162441  2441
MONITOR-3 (RS58S)       
1 57180U 23091Q   23194.85389997  .00004369  00000+0  32626-3 0  9996
2 57180  97.6667 245.4152 0019519 183.4757 176.6336 15.03194621  2441
2023-091R               
1 57181U 23091R   23194.85430220  .00002305  00000+0  17470-3 0  9991
2 57181  97.6640 245.4046 0018758 189.3339 170.7541 15.03130116  2442
MONITOR-4 (RS57S)       
1 57182U 23091S   23194.85399433  .00004394  00000+0  32817-3 0  9994
2 57182  97.6661 245.4145 0019542 184.1137 175.9931 15.03186014  2445
2023-091T               
1 57183U 23091T   23195.10898953  .00003327  00000+0  24344-3 0  9996
2 57183  97.6656 245.6855 0015408 177.1263 183.0054 15.04193587  2483
MONITOR-2 (RS39S)       
1 57184U 23091U   23195.11017276  .00002897  00000+0  21317-3 0  9997
2 57184  97.6655 245.6839 0015358 178.3324 181.7956 15.04082825  2488
2023-091V               
1 57185U 23091V   23195.10876158  .00005062  00000+0  36766-3 0  9990
2 57185  97.6652 245.6949 0014332 183.3075 176.8058 15.04240709  2483
2023-091W               
1 57186U 23091W   23195.10730399  .00003662  00000+0  26640-3 0  9991
2 57186  97.6654 245.6864 0014911 176.4637 183.6697 15.04350053  2481
SVYATOBOR 1 (RS60S)     
1 57187U 23091X   23195.10834591  .00004345  00000+0  31591-3 0  9991
2 57187  97.6656 245.6859 0015299 176.9928 183.1392 15.04265988  2485
HORS 1                  
1 57188U 23091Y   23195.10788662  .00004221  00000+0  30672-3 0  9991
2 57188  97.6637 245.6918 0015018 179.3687 180.7560 15.04308385  2488
VIZARD-METEO (RS38S)    
1 57189U 23091Z   23195.10510985  .00005798  00000+0  41665-3 0  9997
2 57189  97.6649 245.6877 0014444 175.6505 184.4850 15.04577581  2485
NANOZOND 1 (RS49S)      
1 57190U 23091AA  23195.10331391  .00007508  00000+0  53561-3 0  9990
2 57190  97.6623 245.6791 0013141 181.3255 178.7938 15.04765957  2482
2023-091AB              
1 57191U 23091AB  23194.85338286  .00002813  00000+0  21168-3 0  9994
2 57191  97.6635 245.4052 0018603 188.9895 171.1000 15.03221339  2448
2023-091AC              
1 57192U 23091AC  23194.85492795  .00004679  00000+0  35003-3 0  9996
2 57192  97.6646 245.4052 0019236 188.6465 171.4431 15.03099142  2440
2023-091AD              
1 57193U 23091AD  23194.85478118  .00004876  00000+0  36436-3 0  9990
2 57193  97.6645 245.4045 0019058 189.6587 170.4274 15.03119019  2440
2023-091AE              
1 57194U 23091AE  23194.85468214  .00004627  00000+0  34592-3 0  9992
2 57194  97.6644 245.4051 0019098 189.0457 171.0427 15.03125200  2447
2023-091AF              
1 57195U 23091AF  23195.10723426  .00003338  00000+0  24328-3 0  9995
2 57195  97.6666 245.6991 0014518 179.8080 180.3154 15.04354310  2489
2023-091AG              
1 57196U 23091AG  23195.10696189  .00004888  00000+0  35358-3 0  9997
2 57196  97.6649 245.6956 0014669 179.1736 180.9516 15.04401801  2486
2023-091AH              
1 57197U 23091AH  23195.10680732  .00005615  00000+0  40532-3 0  9994
2 57197  97.6632 245.6788 0014399 181.5501 178.5682 15.04421820  2489
2023-091AJ              
1 57198U 23091AJ  23195.10620641  .00009356  00000+0  67021-3 0  9996
2 57198  97.6677 245.7030 0014496 180.8021 179.3184 15.04524965  2487
2023-091AK              
1 57199U 23091AK  23194.70735153  .00005546  00000+0  40014-3 0  9997
2 57199  97.6644 245.2853 0014144 181.9298 178.1876 15.04452267  2422
2023-091AL              
1 57200U 23091AL  23195.10612735  .00006199  00000+0  44607-3 0  9992
2 57200  97.6660 245.6890 0014915 175.0662 185.0713 15.04495084  2480
2023-091AM              
1 57201U 23091AM  23194.90658883  .00005811  00000+0  41861-3 0  9993
2 57201  97.6640 245.4830 0014141 181.1684 178.9512 15.04484910  2455
2023-091AN              
1 57202U 23091AN  23195.10610411  .00003732  00000+0  27066-3 0  9993
2 57202  97.6651 245.6873 0014711 175.3235 184.8131 15.04459583  2481
UTMN 2 (RS27S)          
1 57203U 23091AP  23195.10582997  .00005314  00000+0  38296-3 0  9996
2 57203  97.6647 245.6872 0014728 175.8411 184.2940 15.04505792  2481
2023-091AQ              
1 57204U 23091AQ  23195.10447607  .00005583  00000+0  40080-3 0  9997
2 57204  97.6648 245.6880 0014232 175.3375 184.7986 15.04632523  2484
ARCCUBE 1 (RS25S)       
1 57205U 23091AR  23195.10405415  .00008407  00000+0  60002-3 0  9993
2 57205  97.6606 245.6751 0013489 183.2484 176.8656 15.04709106  2486
2023-091AS              
1 57206U 23091AS  23195.10401627  .00007221  00000+0  51630-3 0  9995
2 57206  97.6618 245.6778 0013384 181.9900 178.1275 15.04694479  2489
2023-091AU              
1 57208U 23091AU  23195.10411177  .00006419  00000+0  45964-3 0  9999
2 57208  97.6646 245.6880 0014031 175.6114 184.5238 15.04672098  2486
H2SAT (HEINRICH HERTZ)  
1 57213U 23093A   23194.23498039 -.00000097  00000+0  00000+0 0  9997
2 57213   0.1359  89.4184 0483886 176.6493  96.3593  1.07966514   133
SYRACUSE 4B             
1 57214U 23093B   23194.16560553 -.00000170  00000+0 -22840-3 0  9994
2 57214   2.9796  80.4622 7190351 183.0748 166.5451  2.24861746   168
2023-093C               
1 57215U 23093C   23194.12491186  .00025945  00000+0  92092-2 0  9996
2 57215   2.9974  79.8140 7270264 183.8058 163.1543  2.28887579   169
2023-093D               
1 57216U 23093D   23194.55511266  .00004625  00000+0  12335-2 0  9990
2 57216   2.7106  86.3997 7268577 177.2287 191.3549  2.29965990   189
KUZGTU 1 (RS47S)        
1 57217U 23091AV  23194.85293653  .00004492  00000+0  33459-3 0  9992
2 57217  97.6646 245.4118 0019194 184.8473 175.2570 15.03285796  2449
2023-095A               
1 57288U 23095A   23194.90921384 -.00515116  00000+0 -98688+0 0  9992
2 57288  86.4997  14.8223 0014933 285.1403  75.1931 13.40071092   607
2023-095B               
1 57289U 23095B   23194.98207053 -.00480520  00000+0 -91037+0 0  9992
2 57289  86.5009  14.7956 0011052 282.6858  78.7478 13.40633311   614
1998-067VQ              
1 57312U 98067VQ  23194.54578831  .00039188  00000+0  67283-3 0  9995
2 57312  51.6389 197.8654 0002924 317.8395  42.2369 15.50761063  1118
1998-067VR              
1 57313U 98067VR  23194.54572593  .00035672  00000+0  61374-3 0  9994
2 57313  51.6388 197.8654 0003361 357.8434   2.2541 15.50746520  1122
1998-067VS              
1 57314U 98067VS  23194.48074266  .00056671  00000+0  95864-3 0  9995
2 57314  51.6388 198.1813 0002984 357.8788   2.2188 15.51016104  1100
1998-067VT              
1 57315U 98067VT  23194.48116593  .00039418  00000+0  67605-3 0  9998
2 57315  51.6386 198.1838 0003017 308.8548  51.2172 15.50788698  1115
1998-067VU              
1 57316U 98067VU  23193.70861912  .00056863  00000+0  97663-3 0  9995
2 57316  51.6386 202.0252 0002351 347.4085  12.6845 15.50587851   986
1998-067VV              
1 57317U 98067VV  23194.73878397  .00051335  00000+0  87268-3 0  9994
2 57317  51.6389 196.9051 0002866 318.6833  41.3939 15.50919900  1146
YZ-1S R/B               
1 57318U 23095C   23195.18419847  .03252655 -65570-6  11675-3 0  9996
2 57318  86.3870  14.3658 0598895 280.3166  73.0923 15.11880705   689
2023-097A               
1 57319U 23097A   23194.60158899 -.00000085  00000+0  00000+0 0  9993
2 57319  97.2712 221.5130 0024913 287.9723 191.4923 15.39765422   245
